CORDENADAS X E Y 

(01) = (120,613)
(02) = (120,467)
(03) = (134,467)
(05) = (98,363)
(06) = (138,365)
(07) = (138, 345)
(08) = (220,345)
(09) = (220,345)
(10) = (260,340)
(11) = (370,340)
(12) = (370,370)
(13) = (370,442)
(14) = (510,442)
(15) = (512,350)
(16) = (370,610)
(17) = (512,205)
(18) = (310,209)
(19) = (308,193)
(20) = (260,212)
(21) = (220,208)
(22) = (165,212)
(23) = (165,200)
(24) = (120, 208)
(25) = (120,195)
(26) = (82,205)
(27) = (82,192)
(28) = (45,199)
(29) = (46,185)
(30) = (2,185)
(31) = (2,199)
(32) = (310,143)
(33) = (175,143)
(34) = (175,55)
(35) = (120,58)
(36) = (175,32)
(37) = (310,32)
(38) = (495,344)
(39) = (375,358)
(40) = (497,214)
(41) = (225,200)